99
arb 0.000000 0.044919 0.117436 0.117436 0.118303 0.115411 0.116326 0.116326 0.116660 0.116660 0.116500 0.116292 0.113935 0.118910 0.118728 0.118422 0.118422 0.118388 0.118312 0.118313 0.118308 0.118534 0.118534 0.118534 0.119612 0.119612 0.119632 0.119557 0.119581 0.119581 0.119570 0.121577 0.121480 0.121359 0.121359 0.121438 0.121497 0.121336 0.120837 0.120778 0.120778 0.120356 0.118959 0.114012 0.124864 0.130149 100.124236 100.124658 100.130956 100.129539 100.127847 100.127867 100.127573 100.130800 100.130800 100.130800 100.131429 100.131429 100.131592 100.131100 100.131060 100.130446 100.130446 100.129259 100.129259 100.131167 100.131167 100.131197 100.131134 100.131066 100.130969 100.131026 100.131348 100.130723 100.131067 100.131067 100.131067 100.130137 100.130137 100.133069 100.133069 100.133069 100.131241 100.131241 100.131257 100.130837 100.130837 100.127937 100.127936 100.127907 100.128290 100.129494 100.131788 100.129014 100.129606 100.129606 100.126762 100.127753 100.127798
heb 0.044919 0.000000 0.117436 0.117436 0.118303 0.115411 0.116326 0.116326 0.116660 0.116660 0.116500 0.116292 0.113935 0.118910 0.118728 0.118422 0.118422 0.118388 0.118312 0.118313 0.118308 0.118534 0.118534 0.118534 0.119612 0.119612 0.119632 0.119557 0.119581 0.119581 0.119570 0.121577 0.121480 0.121359 0.121359 0.121438 0.121497 0.121336 0.120837 0.120778 0.120778 0.120356 0.118959 0.114012 0.124864 0.130149 100.124236 100.124658 100.130956 100.129539 100.127847 100.127867 100.127573 100.130800 100.130800 100.130800 100.131429 100.131429 100.131592 100.131100 100.131060 100.130446 100.130446 100.129259 100.129259 100.131167 100.131167 100.131197 100.131134 100.131066 100.130969 100.131026 100.131348 100.130723 100.131067 100.131067 100.131067 100.130137 100.130137 100.133069 100.133069 100.133069 100.131241 100.131241 100.131257 100.130837 100.130837 100.127937 100.127936 100.127907 100.128290 100.129494 100.131788 100.129014 100.129606 100.129606 100.126762 100.127753 100.127798
pes 0.117436 0.117436 0.000000 0.038639 0.062465 0.071746 0.088973 0.088973 0.089308 0.089308 0.089147 0.088939 0.096724 0.118704 0.118522 0.118216 0.118216 0.118182 0.118106 0.118107 0.118102 0.118328 0.118328 0.118328 0.119406 0.119406 0.119426 0.119351 0.119375 0.119375 0.119364 0.121370 0.121274 0.121153 0.121153 0.121232 0.121291 0.121129 0.120631 0.120572 0.120572 0.120150 0.118753 0.113806 0.132502 0.137787 100.131874 100.132296 100.138593 100.137177 100.135485 100.135505 100.135211 100.138438 100.138438 100.138438 100.139067 100.139067 100.139230 100.138738 100.138698 100.138084 100.138083 100.136897 100.136897 100.138805 100.138805 100.138835 100.138772 100.138704 100.138607 100.138664 100.138986 100.138361 100.138704 100.138704 100.138704 100.137774 100.137774 100.140707 100.140707 100.140707 100.138879 100.138879 100.138895 100.138475 100.138475 100.135575 100.135574 100.135545 100.135928 100.137132 100.139426 100.136652 100.137244 100.137244 100.134399 100.135391 100.135435
kmr 0.117436 0.117436 0.038639 0.000000 0.062465 0.071746 0.088973 0.088973 0.089308 0.089308 0.089147 0.088939 0.096724 0.118704 0.118522 0.118216 0.118216 0.118182 0.118106 0.118107 0.118102 0.118328 0.118328 0.118328 0.119406 0.119406 0.119426 0.119351 0.119375 0.119375 0.119364 0.121370 0.121274 0.121153 0.121153 0.121232 0.121291 0.121129 0.120631 0.120572 0.120572 0.120150 0.118753 0.113806 0.132502 0.137787 100.131874 100.132296 100.138593 100.137177 100.135485 100.135505 100.135211 100.138438 100.138438 100.138438 100.139067 100.139067 100.139230 100.138738 100.138698 100.138084 100.138083 100.136897 100.136897 100.138805 100.138805 100.138835 100.138772 100.138704 100.138607 100.138664 100.138986 100.138361 100.138704 100.138704 100.138704 100.137774 100.137774 100.140707 100.140707 100.140707 100.138879 100.138879 100.138895 100.138475 100.138475 100.135575 100.135574 100.135545 100.135928 100.137132 100.139426 100.136652 100.137244 100.137244 100.134399 100.135391 100.135435
pbu 0.118303 0.118303 0.062465 0.062465 0.000000 0.072614 0.089841 0.089840 0.090175 0.090175 0.090014 0.089807 0.097591 0.119571 0.119390 0.119084 0.119084 0.119049 0.118973 0.118974 0.118969 0.119195 0.119195 0.119195 0.120273 0.120273 0.120293 0.120218 0.120242 0.120242 0.120231 0.122238 0.122141 0.122020 0.122020 0.122099 0.122158 0.121997 0.121498 0.121439 0.121439 0.121017 0.119620 0.114673 0.133369 0.138654 100.132741 100.133163 100.139461 100.138044 100.136352 100.136372 100.136078 100.139305 100.139305 100.139305 100.139934 100.139934 100.140097 100.139605 100.139565 100.138951 100.138951 100.137764 100.137764 100.139672 100.139672 100.139702 100.139639 100.139571 100.139474 100.139531 100.139853 100.139228 100.139572 100.139572 100.139572 100.138642 100.138642 100.141574 100.141574 100.141574 100.139746 100.139746 100.139762 100.139342 100.139342 100.136442 100.136441 100.136412 100.136795 100.137999 100.140293 100.137519 100.138111 100.138111 100.135267 100.136258 100.136303
oss 0.115411 0.115411 0.071746 0.071746 0.072614 0.000000 0.086949 0.086948 0.087283 0.087283 0.087122 0.086915 0.094699 0.116679 0.116497 0.116191 0.116191 0.116157 0.116081 0.116082 0.116077 0.116303 0.116303 0.116303 0.117381 0.117381 0.117401 0.117326 0.117350 0.117350 0.117339 0.119346 0.119249 0.119128 0.119128 0.119207 0.119266 0.119104 0.118606 0.118547 0.118547 0.118125 0.116728 0.111781 0.130477 0.135762 100.129849 100.130271 100.136569 100.135152 100.133460 100.133480 100.133186 100.136413 100.136413 100.136413 100.137042 100.137042 100.137205 100.136713 100.136673 100.136059 100.136059 100.134872 100.134872 100.136780 100.136780 100.136810 100.136747 100.136679 100.136582 100.136639 100.136961 100.136336 100.136680 100.136680 100.136680 100.135750 100.135750 100.138682 100.138682 100.138682 100.136854 100.136854 100.136870 100.136450 100.136450 100.133550 100.133549 100.133520 100.133903 100.135107 100.137401 100.134627 100.135219 100.135219 100.132374 100.133366 100.133410
hin 0.116326 0.116326 0.088973 0.088973 0.089841 0.086949 0.000000 0.038058 0.069490 0.069490 0.069329 0.069122 0.095614 0.117594 0.117412 0.117106 0.117106 0.117072 0.116996 0.116997 0.116991 0.117218 0.117218 0.117218 0.118296 0.118296 0.118316 0.118240 0.118265 0.118265 0.118254 0.120260 0.120164 0.120043 0.120043 0.120122 0.120181 0.120019 0.119521 0.119462 0.119462 0.119040 0.117643 0.112696 0.131392 0.136677 100.130764 100.131186 100.137483 100.136067 100.134375 100.134395 100.134101 100.137328 100.137328 100.137328 100.137957 100.137957 100.138120 100.137628 100.137588 100.136973 100.136973 100.135787 100.135787 100.137695 100.137695 100.137725 100.137662 100.137594 100.137497 100.137554 100.137876 100.137251 100.137594 100.137594 100.137594 100.136664 100.136664 100.139597 100.139597 100.139597 100.137769 100.137769 100.137785 100.137365 100.137365 100.134465 100.134464 100.134435 100.134818 100.136022 100.138316 100.135542 100.136134 100.136134 100.133289 100.134281 100.134325
ben 0.116326 0.116326 0.088973 0.088973 0.089840 0.086948 0.038058 0.000000 0.069490 0.069490 0.069329 0.069121 0.095613 0.117594 0.117412 0.117106 0.117106 0.117072 0.116996 0.116997 0.116991 0.117218 0.117218 0.117218 0.118296 0.118296 0.118315 0.118240 0.118265 0.118265 0.118254 0.120260 0.120164 0.120042 0.120042 0.120121 0.120181 0.120019 0.119521 0.119461 0.119461 0.119040 0.117643 0.112695 0.131392 0.136677 100.130764 100.131186 100.137483 100.136067 100.134374 100.134395 100.134100 100.137328 100.137328 100.137328 100.137956 100.137956 100.138119 100.137627 100.137588 100.136973 100.136973 100.135786 100.135786 100.137695 100.137695 100.137725 100.137661 100.137593 100.137497 100.137554 100.137875 100.137250 100.137594 100.137594 100.137594 100.136664 100.136664 100.139597 100.139597 100.139597 100.137769 100.137769 100.137785 100.137364 100.137364 100.134465 100.134464 100.134435 100.134817 100.136022 100.138316 100.135542 100.136134 100.136133 100.133289 100.134280 100.134325
tam 0.116660 0.116660 0.089308 0.089308 0.090175 0.087283 0.069490 0.069490 0.000000 0.017130 0.028607 0.036329 0.095948 0.117928 0.117747 0.117441 0.117441 0.117406 0.117330 0.117331 0.117326 0.117553 0.117553 0.117553 0.118631 0.118631 0.118650 0.118575 0.118599 0.118599 0.118588 0.120595 0.120498 0.120377 0.120377 0.120456 0.120515 0.120354 0.119855 0.119796 0.119796 0.119374 0.117977 0.113030 0.131726 0.137011 100.131098 100.131520 100.137818 100.136401 100.134709 100.134729 100.134435 100.137662 100.137662 100.137662 100.138291 100.138291 100.138454 100.137962 100.137922 100.137308 100.137308 100.136121 100.136121 100.138029 100.138029 100.138059 100.137996 100.137928 100.137831 100.137888 100.138210 100.137585 100.137929 100.137929 100.137929 100.136999 100.136999 100.139931 100.139931 100.139931 100.138103 100.138103 100.138119 100.137699 100.137699 100.134799 100.134798 100.134769 100.135152 100.136356 100.138650 100.135876 100.136468 100.136468 100.133624 100.134615 100.134660
mal 0.116660 0.116660 0.089308 0.089308 0.090175 0.087283 0.069490 0.069490 0.017130 0.000000 0.028607 0.036329 0.095948 0.117928 0.117747 0.117441 0.117441 0.117406 0.117330 0.117331 0.117326 0.117553 0.117553 0.117553 0.118631 0.118631 0.118650 0.118575 0.118599 0.118599 0.118588 0.120595 0.120498 0.120377 0.120377 0.120456 0.120515 0.120354 0.119855 0.119796 0.119796 0.119374 0.117977 0.113030 0.131726 0.137011 100.131098 100.131520 100.137818 100.136401 100.134709 100.134729 100.134435 100.137662 100.137662 100.137662 100.138291 100.138291 100.138454 100.137962 100.137922 100.137308 100.137308 100.136121 100.136121 100.138029 100.138029 100.138059 100.137996 100.137928 100.137831 100.137888 100.138210 100.137585 100.137929 100.137929 100.137929 100.136999 100.136999 100.139931 100.139931 100.139931 100.138103 100.138103 100.138119 100.137699 100.137699 100.134799 100.134798 100.134769 100.135152 100.136356 100.138650 100.135876 100.136468 100.136468 100.133624 100.134615 100.134660
kan 0.116500 0.116500 0.089147 0.089147 0.090014 0.087122 0.069329 0.069329 0.028607 0.028607 0.000000 0.036168 0.095787 0.117767 0.117586 0.117280 0.117280 0.117245 0.117170 0.117170 0.117165 0.117392 0.117392 0.117392 0.118470 0.118470 0.118489 0.118414 0.118438 0.118438 0.118428 0.120434 0.120337 0.120216 0.120216 0.120295 0.120354 0.120193 0.119695 0.119635 0.119635 0.119214 0.117816 0.112869 0.131566 0.136850 100.130938 100.131360 100.137657 100.136240 100.134548 100.134568 100.134274 100.137502 100.137502 100.137502 100.138130 100.138130 100.138293 100.137801 100.137762 100.137147 100.137147 100.135960 100.135960 100.137869 100.137869 100.137898 100.137835 100.137767 100.137670 100.137727 100.138049 100.137424 100.137768 100.137768 100.137768 100.136838 100.136838 100.139770 100.139770 100.139770 100.137942 100.137942 100.137958 100.137538 100.137538 100.134638 100.134637 100.134609 100.134991 100.136195 100.138489 100.135715 100.136307 100.136307 100.133463 100.134454 100.134499
tel 0.116292 0.116292 0.088939 0.088939 0.089807 0.086915 0.069122 0.069121 0.036329 0.036329 0.036168 0.000000 0.095580 0.117560 0.117378 0.117072 0.117072 0.117038 0.116962 0.116963 0.116957 0.117184 0.117184 0.117184 0.118262 0.118262 0.118282 0.118207 0.118231 0.118231 0.118220 0.120226 0.120130 0.120009 0.120009 0.120088 0.120147 0.119985 0.119487 0.119428 0.119428 0.119006 0.117609 0.112662 0.131358 0.136643 100.130730 100.131152 100.137449 100.136033 100.134341 100.134361 100.134067 100.137294 100.137294 100.137294 100.137923 100.137923 100.138086 100.137594 100.137554 100.136939 100.136939 100.135753 100.135753 100.137661 100.137661 100.137691 100.137628 100.137560 100.137463 100.137520 100.137842 100.137217 100.137560 100.137560 100.137560 100.136630 100.136630 100.139563 100.139563 100.139563 100.137735 100.137735 100.137751 100.137331 100.137331 100.134431 100.134430 100.134401 100.134784 100.135988 100.138282 100.135508 100.136100 100.136100 100.133255 100.134247 100.134291
hye 0.113935 0.113935 0.096724 0.096724 0.097591 0.094699 0.095614 0.095613 0.095948 0.095948 0.095787 0.095580 0.000000 0.115202 0.115021 0.114715 0.114715 0.114680 0.114605 0.114605 0.114600 0.114827 0.114827 0.114827 0.115905 0.115905 0.115924 0.115849 0.115873 0.115873 0.115862 0.117869 0.117772 0.117651 0.117651 0.117730 0.117789 0.117628 0.117129 0.117070 0.117070 0.116648 0.115251 0.110304 0.129001 0.134285 100.128373 100.128795 100.135092 100.133675 100.131983 100.132003 100.131709 100.134936 100.134936 100.134936 100.135565 100.135565 100.135728 100.135236 100.135196 100.134582 100.134582 100.133395 100.133395 100.135304 100.135304 100.135333 100.135270 100.135202 100.135105 100.135162 100.135484 100.134859 100.135203 100.135203 100.135203 100.134273 100.134273 100.137205 100.137205 100.137205 100.135377 100.135377 100.135393 100.134973 100.134973 100.132073 100.132072 100.132043 100.132426 100.133630 100.135924 100.133150 100.133742 100.133742 100.130898 100.131889 100.131934
hrv 0.118910 0.118910 0.118704 0.118704 0.119571 0.116679 0.117594 0.117594 0.117928 0.117928 0.117767 0.117560 0.115202 0.000000 0.012494 0.018190 0.018190 0.018155 0.018080 0.018080 0.018075 0.024218 0.054940 0.054940 0.100499 0.100499 0.100518 0.100443 0.100468 0.100468 0.100457 0.102463 0.102367 0.102245 0.102245 0.102324 0.102384 0.102222 0.101724 0.101664 0.101664 0.101243 0.099846 0.104786 0.133976 0.139261 100.133348 100.133770 100.140067 100.138651 100.136959 100.136979 100.136685 100.139912 100.139912 100.139912 100.140540 100.140540 100.140704 100.140211 100.140172 100.139557 100.139557 100.138371 100.138371 100.140279 100.140279 100.140309 100.140246 100.140178 100.140081 100.140138 100.140460 100.139834 100.140178 100.140178 100.140178 100.139248 100.139248 100.142181 100.142181 100.142181 100.140353 100.140353 100.140369 100.139949 100.139949 100.137049 100.137048 100.137019 100.137402 100.138606 100.140900 100.138126 100.138718 100.138718 100.135873 100.136865 100.136909
slv 0.118728 0.118728 0.118522 0.118522 0.119390 0.116497 0.117412 0.117412 0.117747 0.117747 0.117586 0.117378 0.115021 0.012494 0.000000 0.018008 0.018008 0.017974 0.017898 0.017899 0.017893 0.024036 0.054758 0.054758 0.100317 0.100317 0.100337 0.100261 0.100286 0.100286 0.100275 0.102281 0.102185 0.102064 0.102064 0.102143 0.102202 0.102040 0.101542 0.101483 0.101483 0.101061 0.099664 0.104604 0.133794 0.139079 100.133166 100.133588 100.139886 100.138469 100.136777 100.136797 100.136503 100.139730 100.139730 100.139730 100.140359 100.140359 100.140522 100.140030 100.139990 100.139376 100.139376 100.138189 100.138189 100.140097 100.140097 100.140127 100.140064 100.139996 100.139899 100.139956 100.140278 100.139653 100.139997 100.139997 100.139997 100.139067 100.139067 100.141999 100.141999 100.141999 100.140171 100.140171 100.140187 100.139767 100.139767 100.136867 100.136866 100.136837 100.137220 100.138424 100.140718 100.137944 100.138536 100.138536 100.135692 100.136683 100.136728
ces 0.118422 0.118422 0.118216 0.118216 0.119084 0.116191 0.117106 0.117106 0.117441 0.117441 0.117280 0.117072 0.114715 0.018190 0.018008 0.000000 0.005597 0.010586 0.013671 0.013672 0.013666 0.023730 0.054452 0.054452 0.100011 0.100011 0.100031 0.099956 0.099980 0.099980 0.099969 0.101975 0.101879 0.101758 0.101758 0.101837 0.101896 0.101734 0.101236 0.101177 0.101177 0.100755 0.099358 0.104298 0.133488 0.138773 100.132860 100.133282 100.139580 100.138163 100.136471 100.136491 100.136197 100.139424 100.139424 100.139424 100.140053 100.140053 100.140216 100.139724 100.139684 100.139070 100.139070 100.137883 100.137883 100.139791 100.139791 100.139821 100.139758 100.139690 100.139593 100.139650 100.139972 100.139347 100.139691 100.139691 100.139691 100.138761 100.138761 100.141693 100.141693 100.141693 100.139865 100.139865 100.139881 100.139461 100.139461 100.136561 100.136560 100.136531 100.136914 100.138118 100.140412 100.137638 100.138230 100.138230 100.135386 100.136377 100.136422
slk 0.118422 0.118422 0.118216 0.118216 0.119084 0.116191 0.117106 0.117106 0.117441 0.117441 0.117280 0.117072 0.114715 0.018190 0.018008 0.005597 0.000000 0.010586 0.013671 0.013672 0.013666 0.023730 0.054452 0.054452 0.100011 0.100011 0.100031 0.099956 0.099980 0.099980 0.099969 0.101975 0.101879 0.101758 0.101758 0.101837 0.101896 0.101734 0.101236 0.101177 0.101177 0.100755 0.099358 0.104298 0.133488 0.138773 100.132860 100.133282 100.139580 100.138163 100.136471 100.136491 100.136197 100.139424 100.139424 100.139424 100.140053 100.140053 100.140216 100.139724 100.139684 100.139070 100.139070 100.137883 100.137883 100.139791 100.139791 100.139821 100.139758 100.139690 100.139593 100.139650 100.139972 100.139347 100.139691 100.139691 100.139691 100.138761 100.138761 100.141693 100.141693 100.141693 100.139865 100.139865 100.139881 100.139461 100.139461 100.136561 100.136560 100.136531 100.136914 100.138118 100.140412 100.137638 100.138230 100.138230 100.135386 100.136377 100.136422
pol 0.118388 0.118388 0.118182 0.118182 0.119049 0.116157 0.117072 0.117072 0.117406 0.117406 0.117245 0.117038 0.114680 0.018155 0.017974 0.010586 0.010586 0.000000 0.013637 0.013637 0.013632 0.023696 0.054418 0.054418 0.099977 0.099977 0.099996 0.099921 0.099946 0.099946 0.099935 0.101941 0.101845 0.101723 0.101723 0.101802 0.101862 0.101700 0.101202 0.101142 0.101142 0.100721 0.099324 0.104264 0.133454 0.138739 100.132826 100.133248 100.139545 100.138129 100.136436 100.136457 100.136162 100.139390 100.139390 100.139390 100.140018 100.140018 100.140182 100.139689 100.139650 100.139035 100.139035 100.137848 100.137848 100.139757 100.139757 100.139787 100.139724 100.139656 100.139559 100.139616 100.139938 100.139312 100.139656 100.139656 100.139656 100.138726 100.138726 100.141659 100.141659 100.141659 100.139831 100.139831 100.139847 100.139426 100.139426 100.136527 100.136526 100.136497 100.136879 100.138084 100.140378 100.137604 100.138196 100.138196 100.135351 100.136343 100.136387
ukr 0.118312 0.118312 0.118106 0.118106 0.118973 0.116081 0.116996 0.116996 0.117330 0.117330 0.117170 0.116962 0.114605 0.018080 0.017898 0.013671 0.013671 0.013637 0.000000 0.005617 0.009035 0.023620 0.054342 0.054342 0.099901 0.099901 0.099920 0.099845 0.099870 0.099870 0.099859 0.101865 0.101769 0.101647 0.101647 0.101726 0.101786 0.101624 0.101126 0.101067 0.101067 0.100645 0.099248 0.104188 0.133378 0.138663 100.132750 100.133172 100.139469 100.138053 100.136361 100.136381 100.136087 100.139314 100.139314 100.139314 100.139943 100.139943 100.140106 100.139614 100.139574 100.138960 100.138959 100.137773 100.137773 100.139681 100.139681 100.139711 100.139648 100.139580 100.139483 100.139540 100.139862 100.139237 100.139580 100.139580 100.139580 100.138650 100.138650 100.141583 100.141583 100.141583 100.139755 100.139755 100.139771 100.139351 100.139351 100.136451 100.136450 100.136421 100.136804 100.138008 100.140302 100.137528 100.138120 100.138120 100.135275 100.136267 100.136311
bel 0.118313 0.118313 0.118107 0.118107 0.118974 0.116082 0.116997 0.116997 0.117331 0.117331 0.117170 0.116963 0.114605 0.018080 0.017899 0.013672 0.013672 0.013637 0.005617 0.000000 0.009036 0.023621 0.054342 0.054342 0.099902 0.099902 0.099921 0.099846 0.099871 0.099871 0.099860 0.101866 0.101770 0.101648 0.101648 0.101727 0.101787 0.101625 0.101127 0.101067 0.101067 0.100646 0.099249 0.104189 0.133379 0.138664 100.132751 100.133173 100.139470 100.138054 100.136361 100.136382 100.136087 100.139315 100.139315 100.139315 100.139943 100.139943 100.140106 100.139614 100.139575 100.138960 100.138960 100.137773 100.137773 100.139682 100.139682 100.139712 100.139649 100.139580 100.139484 100.139541 100.139862 100.139237 100.139581 100.139581 100.139581 100.138651 100.138651 100.141584 100.141584 100.141584 100.139756 100.139756 100.139772 100.139351 100.139351 100.136452 100.136451 100.136422 100.136804 100.138009 100.140303 100.137529 100.138121 100.138120 100.135276 100.136267 100.136312
rus 0.118308 0.118308 0.118102 0.118102 0.118969 0.116077 0.116991 0.116991 0.117326 0.117326 0.117165 0.116957 0.114600 0.018075 0.017893 0.013666 0.013666 0.013632 0.009035 0.009036 0.000000 0.023616 0.054337 0.054337 0.099896 0.099896 0.099916 0.099841 0.099865 0.099865 0.099854 0.101861 0.101764 0.101643 0.101643 0.101722 0.101781 0.101619 0.101121 0.101062 0.101062 0.100640 0.099243 0.104183 0.133374 0.138658 100.132746 100.133168 100.139465 100.138048 100.136356 100.136376 100.136082 100.139309 100.139309 100.139309 100.139938 100.139938 100.140101 100.139609 100.139569 100.138955 100.138955 100.137768 100.137768 100.139677 100.139677 100.139706 100.139643 100.139575 100.139478 100.139535 100.139857 100.139232 100.139576 100.139576 100.139576 100.138646 100.138646 100.141578 100.141578 100.141578 100.139750 100.139750 100.139766 100.139346 100.139346 100.136446 100.136445 100.136416 100.136799 100.138003 100.140297 100.137523 100.138115 100.138115 100.135271 100.136262 100.136307
bul 0.118534 0.118534 0.118328 0.118328 0.119195 0.116303 0.117218 0.117218 0.117553 0.117553 0.117392 0.117184 0.114827 0.024218 0.024036 0.023730 0.023730 0.023696 0.023620 0.023621 0.023616 0.000000 0.054564 0.054564 0.100123 0.100123 0.100142 0.100067 0.100092 0.100092 0.100081 0.102087 0.101991 0.101870 0.101870 0.101949 0.102008 0.101846 0.101348 0.101289 0.101289 0.100867 0.099470 0.104410 0.133600 0.138885 100.132972 100.133394 100.139692 100.138275 100.136583 100.136603 100.136309 100.139536 100.139536 100.139536 100.140165 100.140165 100.140328 100.139836 100.139796 100.139182 100.139182 100.137995 100.137995 100.139903 100.139903 100.139933 100.139870 100.139802 100.139705 100.139762 100.140084 100.139459 100.139803 100.139803 100.139803 100.138873 100.138873 100.141805 100.141805 100.141805 100.139977 100.139977 100.139993 100.139573 100.139573 100.136673 100.136672 100.136643 100.137026 100.138230 100.140524 100.137750 100.138342 100.138342 100.135498 100.136489 100.136534
lit 0.118534 0.118534 0.118328 0.118328 0.119195 0.116303 0.117218 0.117218 0.117553 0.117553 0.117392 0.117184 0.114827 0.054940 0.054758 0.054452 0.054452 0.054418 0.054342 0.054342 0.054337 0.054564 0.000000 0.023303 0.100123 0.100123 0.100142 0.100067 0.100092 0.100092 0.100081 0.102087 0.101991 0.101870 0.101870 0.101949 0.102008 0.101846 0.101348 0.101289 0.101289 0.100867 0.099470 0.104410 0.133600 0.138885 100.132972 100.133394 100.139692 100.138275 100.136583 100.136603 100.136309 100.139536 100.139536 100.139536 100.140165 100.140165 100.140328 100.139836 100.139796 100.139182 100.139182 100.137995 100.137995 100.139903 100.139903 100.139933 100.139870 100.139802 100.139705 100.139762 100.140084 100.139459 100.139803 100.139803 100.139803 100.138873 100.138873 100.141805 100.141805 100.141805 100.139977 100.139977 100.139993 100.139573 100.139573 100.136673 100.136672 100.136643 100.137026 100.138230 100.140524 100.137750 100.138342 100.138342 100.135498 100.136489 100.136534
lav 0.118534 0.118534 0.118328 0.118328 0.119195 0.116303 0.117218 0.117218 0.117553 0.117553 0.117392 0.117184 0.114827 0.054940 0.054758 0.054452 0.054452 0.054418 0.054342 0.054342 0.054337 0.054564 0.023303 0.000000 0.100123 0.100123 0.100142 0.100067 0.100092 0.100092 0.100081 0.102087 0.101991 0.101870 0.101870 0.101949 0.102008 0.101846 0.101348 0.101289 0.101289 0.100867 0.099470 0.104410 0.133600 0.138885 100.132972 100.133394 100.139692 100.138275 100.136583 100.136603 100.136309 100.139536 100.139536 100.139536 100.140165 100.140165 100.140328 100.139836 100.139796 100.139182 100.139182 100.137995 100.137995 100.139903 100.139903 100.139933 100.139870 100.139802 100.139705 100.139762 100.140084 100.139459 100.139803 100.139803 100.139803 100.138873 100.138873 100.141805 100.141805 100.141805 100.139977 100.139977 100.139993 100.139573 100.139573 100.136673 100.136672 100.136643 100.137026 100.138230 100.140524 100.137750 100.138342 100.138342 100.135498 100.136489 100.136534
nor 0.119612 0.119612 0.119406 0.119406 0.120273 0.117381 0.118296 0.118296 0.118631 0.118631 0.118470 0.118262 0.115905 0.100499 0.100317 0.100011 0.100011 0.099977 0.099901 0.099902 0.099896 0.100123 0.100123 0.100123 0.000000 0.004385 0.009351 0.014811 0.022661 0.022661 0.029609 0.086787 0.086690 0.086569 0.086569 0.086648 0.086707 0.086546 0.086048 0.085988 0.085988 0.085567 0.092594 0.105488 0.134678 0.139963 100.134050 100.134472 100.140770 100.139353 100.137661 100.137681 100.137387 100.140614 100.140614 100.140614 100.141243 100.141243 100.141406 100.140914 100.140874 100.140260 100.140260 100.139073 100.139073 100.140981 100.140981 100.141011 100.140948 100.140880 100.140783 100.140840 100.141162 100.140537 100.140881 100.140881 100.140881 100.139951 100.139951 100.142883 100.142883 100.142883 100.141055 100.141055 100.141071 100.140651 100.140651 100.137751 100.137750 100.137721 100.138104 100.139308 100.141602 100.138828 100.139420 100.139420 100.136575 100.137567 100.137612
dan 0.119612 0.119612 0.119406 0.119406 0.120273 0.117381 0.118296 0.118296 0.118631 0.118631 0.118470 0.118262 0.115905 0.100499 0.100317 0.100011 0.100011 0.099977 0.099901 0.099902 0.099896 0.100123 0.100123 0.100123 0.004385 0.000000 0.009351 0.014811 0.022661 0.022661 0.029609 0.086787 0.086690 0.086569 0.086569 0.086648 0.086707 0.086546 0.086048 0.085988 0.085988 0.085567 0.092594 0.105488 0.134678 0.139963 100.134050 100.134472 100.140770 100.139353 100.137661 100.137681 100.137387 100.140614 100.140614 100.140614 100.141243 100.141243 100.141406 100.140914 100.140874 100.140260 100.140260 100.139073 100.139073 100.140981 100.140981 100.141011 100.140948 100.140880 100.140783 100.140840 100.141162 100.140537 100.140881 100.140881 100.140881 100.139951 100.139951 100.142883 100.142883 100.142883 100.141055 100.141055 100.141071 100.140651 100.140651 100.137751 100.137750 100.137721 100.138104 100.139308 100.141602 100.138828 100.139420 100.139420 100.136575 100.137567 100.137612
swe 0.119632 0.119632 0.119426 0.119426 0.120293 0.117401 0.118316 0.118315 0.118650 0.118650 0.118489 0.118282 0.115924 0.100518 0.100337 0.100031 0.100031 0.099996 0.099920 0.099921 0.099916 0.100142 0.100142 0.100142 0.009351 0.009351 0.000000 0.014830 0.022680 0.022680 0.029628 0.086806 0.086710 0.086588 0.086588 0.086667 0.086727 0.086565 0.086067 0.086007 0.086007 0.085586 0.092613 0.105508 0.134698 0.139982 100.134070 100.134492 100.140789 100.139372 100.137680 100.137700 100.137406 100.140634 100.140634 100.140634 100.141262 100.141262 100.141425 100.140933 100.140894 100.140279 100.140279 100.139092 100.139092 100.141001 100.141001 100.141030 100.140967 100.140899 100.140802 100.140859 100.141181 100.140556 100.140900 100.140900 100.140900 100.139970 100.139970 100.142902 100.142902 100.142902 100.141074 100.141074 100.141090 100.140670 100.140670 100.137770 100.137769 100.137741 100.138123 100.139327 100.141621 100.138847 100.139439 100.139439 100.136595 100.137586 100.137631
isl 0.119557 0.119557 0.119351 0.119351 0.120218 0.117326 0.118240 0.118240 0.118575 0.118575 0.118414 0.118207 0.115849 0.100443 0.100261 0.099956 0.099956 0.099921 0.099845 0.099846 0.099841 0.100067 0.100067 0.100067 0.014811 0.014811 0.014830 0.000000 0.022605 0.022605 0.029553 0.086731 0.086635 0.086513 0.086513 0.086592 0.086652 0.086490 0.085992 0.085932 0.085932 0.085511 0.092538 0.105432 0.134623 0.139907 100.133995 100.134417 100.140714 100.139297 100.137605 100.137625 100.137331 100.140558 100.140558 100.140558 100.141187 100.141187 100.141350 100.140858 100.140818 100.140204 100.140204 100.139017 100.139017 100.140926 100.140926 100.140955 100.140892 100.140824 100.140727 100.140784 100.141106 100.140481 100.140825 100.140825 100.140825 100.139895 100.139895 100.142827 100.142827 100.142827 100.140999 100.140999 100.141015 100.140595 100.140595 100.137695 100.137694 100.137665 100.138048 100.139252 100.141546 100.138772 100.139364 100.139364 100.136520 100.137511 100.137556
nld 0.119581 0.119581 0.119375 0.119375 0.120242 0.117350 0.118265 0.118265 0.118599 0.118599 0.118438 0.118231 0.115873 0.100468 0.100286 0.099980 0.099980 0.099946 0.099870 0.099871 0.099865 0.100092 0.100092 0.100092 0.022661 0.022661 0.022680 0.022605 0.000000 0.011248 0.029577 0.086756 0.086659 0.086538 0.086538 0.086617 0.086676 0.086515 0.086016 0.085957 0.085957 0.085535 0.092562 0.105457 0.134647 0.139932 100.134019 100.134441 100.140738 100.139322 100.137630 100.137650 100.137356 100.140583 100.140583 100.140583 100.141211 100.141211 100.141375 100.140882 100.140843 100.140228 100.140228 100.139042 100.139042 100.140950 100.140950 100.140980 100.140917 100.140849 100.140752 100.140809 100.141131 100.140505 100.140849 100.140849 100.140849 100.139919 100.139919 100.142852 100.142852 100.142852 100.141024 100.141024 100.141040 100.140620 100.140620 100.137720 100.137719 100.137690 100.138073 100.139277 100.141571 100.138797 100.139389 100.139389 100.136544 100.137536 100.137580
deu 0.119581 0.119581 0.119375 0.119375 0.120242 0.117350 0.118265 0.118265 0.118599 0.118599 0.118438 0.118231 0.115873 0.100468 0.100286 0.099980 0.099980 0.099946 0.099870 0.099871 0.099865 0.100092 0.100092 0.100092 0.022661 0.022661 0.022680 0.022605 0.011248 0.000000 0.029577 0.086756 0.086659 0.086538 0.086538 0.086617 0.086676 0.086515 0.086016 0.085957 0.085957 0.085535 0.092562 0.105457 0.134647 0.139932 100.134019 100.134441 100.140738 100.139322 100.137630 100.137650 100.137356 100.140583 100.140583 100.140583 100.141211 100.141211 100.141375 100.140882 100.140843 100.140228 100.140228 100.139042 100.139042 100.140950 100.140950 100.140980 100.140917 100.140849 100.140752 100.140809 100.141131 100.140505 100.140849 100.140849 100.140849 100.139919 100.139919 100.142852 100.142852 100.142852 100.141024 100.141024 100.141040 100.140620 100.140620 100.137720 100.137719 100.137690 100.138073 100.139277 100.141571 100.138797 100.139389 100.139389 100.136544 100.137536 100.137580
eng 0.119570 0.119570 0.119364 0.119364 0.120231 0.117339 0.118254 0.118254 0.118588 0.118588 0.118428 0.118220 0.115862 0.100457 0.100275 0.099969 0.099969 0.099935 0.099859 0.099860 0.099854 0.100081 0.100081 0.100081 0.029609 0.029609 0.029628 0.029553 0.029577 0.029577 0.000000 0.086745 0.086648 0.086527 0.086527 0.086606 0.086665 0.086504 0.086005 0.085946 0.085946 0.085524 0.092551 0.105446 0.134636 0.139921 100.134008 100.134430 100.140727 100.139311 100.137619 100.137639 100.137345 100.140572 100.140572 100.140572 100.141200 100.141200 100.141364 100.140871 100.140832 100.140217 100.140217 100.139031 100.139031 100.140939 100.140939 100.140969 100.140906 100.140838 100.140741 100.140798 100.141120 100.140494 100.140838 100.140838 100.140838 100.139908 100.139908 100.142841 100.142841 100.142841 100.141013 100.141013 100.141029 100.140609 100.140609 100.137709 100.137708 100.137679 100.138062 100.139266 100.141560 100.138786 100.139378 100.139378 100.136533 100.137525 100.137569
fra 0.121577 0.121577 0.121370 0.121370 0.122238 0.119346 0.120260 0.120260 0.120595 0.120595 0.120434 0.120226 0.117869 0.102463 0.102281 0.101975 0.101975 0.101941 0.101865 0.101866 0.101861 0.102087 0.102087 0.102087 0.086787 0.086787 0.086806 0.086731 0.086756 0.086756 0.086745 0.000000 0.013645 0.018637 0.018637 0.022956 0.029231 0.037997 0.068435 0.077571 0.077571 0.077150 0.094558 0.107452 0.136642 0.141927 100.136014 100.136436 100.142734 100.141317 100.139625 100.139645 100.139351 100.142578 100.142578 100.142578 100.143207 100.143207 100.143370 100.142878 100.142838 100.142224 100.142224 100.141037 100.141037 100.142946 100.142946 100.142975 100.142912 100.142844 100.142747 100.142804 100.143126 100.142501 100.142845 100.142845 100.142845 100.141915 100.141915 100.144847 100.144847 100.144847 100.143019 100.143019 100.143035 100.142615 100.142615 100.139715 100.139714 100.139685 100.140068 100.141272 100.143566 100.140792 100.141384 100.141384 100.138540 100.139531 100.139576
cat 0.121480 0.121480 0.121274 0.121274 0.122141 0.119249 0.120164 0.120164 0.120498 0.120498 0.120337 0.120130 0.117772 0.102367 0.102185 0.101879 0.101879 0.101845 0.101769 0.101770 0.101764 0.101991 0.101991 0.101991 0.086690 0.086690 0.086710 0.086635 0.086659 0.086659 0.086648 0.013645 0.000000 0.018541 0.018541 0.022859 0.029134 0.037900 0.068338 0.077475 0.077475 0.077053 0.094461 0.107356 0.136546 0.141831 100.135918 100.136340 100.142637 100.141221 100.139528 100.139549 100.139254 100.142482 100.142482 100.142482 100.143110 100.143110 100.143273 100.142781 100.142742 100.142127 100.142127 100.140940 100.140940 100.142849 100.142849 100.142879 100.142815 100.142747 100.142651 100.142708 100.143029 100.142404 100.142748 100.142748 100.142748 100.141818 100.141818 100.144751 100.144751 100.144751 100.142923 100.142923 100.142939 100.142518 100.142518 100.139619 100.139618 100.139589 100.139971 100.141176 100.143470 100.140696 100.141288 100.141287 100.138443 100.139434 100.139479
por 0.121359 0.121359 0.121153 0.121153 0.122020 0.119128 0.120043 0.120042 0.120377 0.120377 0.120216 0.120009 0.117651 0.102245 0.102064 0.101758 0.101758 0.101723 0.101647 0.101648 0.101643 0.101870 0.101870 0.101870 0.086569 0.086569 0.086588 0.086513 0.086538 0.086538 0.086527 0.018637 0.018541 0.000000 0.010093 0.022738 0.029013 0.037779 0.068217 0.077353 0.077353 0.076932 0.094340 0.107235 0.136425 0.141709 100.135797 100.136219 100.142516 100.141099 100.139407 100.139427 100.139133 100.142361 100.142361 100.142361 100.142989 100.142989 100.143152 100.142660 100.142621 100.142006 100.142006 100.140819 100.140819 100.142728 100.142728 100.142757 100.142694 100.142626 100.142529 100.142586 100.142908 100.142283 100.142627 100.142627 100.142627 100.141697 100.141697 100.144629 100.144629 100.144629 100.142801 100.142801 100.142817 100.142397 100.142397 100.139497 100.139496 100.139468 100.139850 100.141054 100.143349 100.140574 100.141166 100.141166 100.138322 100.139313 100.139358
spa 0.121359 0.121359 0.121153 0.121153 0.122020 0.119128 0.120043 0.120042 0.120377 0.120377 0.120216 0.120009 0.117651 0.102245 0.102064 0.101758 0.101758 0.101723 0.101647 0.101648 0.101643 0.101870 0.101870 0.101870 0.086569 0.086569 0.086588 0.086513 0.086538 0.086538 0.086527 0.018637 0.018541 0.010093 0.000000 0.022738 0.029013 0.037779 0.068217 0.077353 0.077353 0.076932 0.094340 0.107235 0.136425 0.141709 100.135797 100.136219 100.142516 100.141099 100.139407 100.139427 100.139133 100.142361 100.142361 100.142361 100.142989 100.142989 100.143152 100.142660 100.142621 100.142006 100.142006 100.140819 100.140819 100.142728 100.142728 100.142757 100.142694 100.142626 100.142529 100.142586 100.142908 100.142283 100.142627 100.142627 100.142627 100.141697 100.141697 100.144629 100.144629 100.144629 100.142801 100.142801 100.142817 100.142397 100.142397 100.139497 100.139496 100.139468 100.139850 100.141054 100.143349 100.140574 100.141166 100.141166 100.138322 100.139313 100.139358
ita 0.121438 0.121438 0.121232 0.121232 0.122099 0.119207 0.120122 0.120121 0.120456 0.120456 0.120295 0.120088 0.117730 0.102324 0.102143 0.101837 0.101837 0.101802 0.101726 0.101727 0.101722 0.101949 0.101949 0.101949 0.086648 0.086648 0.086667 0.086592 0.086617 0.086617 0.086606 0.022956 0.022859 0.022738 0.022738 0.000000 0.029092 0.037858 0.068296 0.077432 0.077432 0.077011 0.094419 0.107314 0.136504 0.141788 100.135876 100.136298 100.142595 100.141178 100.139486 100.139506 100.139212 100.142440 100.142440 100.142440 100.143068 100.143068 100.143231 100.142739 100.142700 100.142085 100.142085 100.140898 100.140898 100.142807 100.142807 100.142836 100.142773 100.142705 100.142608 100.142665 100.142987 100.142362 100.142706 100.142706 100.142706 100.141776 100.141776 100.144708 100.144708 100.144708 100.142880 100.142880 100.142896 100.142476 100.142476 100.139576 100.139575 100.139547 100.139929 100.141133 100.143428 100.140653 100.141245 100.141245 100.138401 100.139392 100.139437
lat 0.121497 0.121497 0.121291 0.121291 0.122158 0.119266 0.120181 0.120181 0.120515 0.120515 0.120354 0.120147 0.117789 0.102384 0.102202 0.101896 0.101896 0.101862 0.101786 0.101787 0.101781 0.102008 0.102008 0.102008 0.086707 0.086707 0.086727 0.086652 0.086676 0.086676 0.086665 0.029231 0.029134 0.029013 0.029013 0.029092 0.000000 0.037917 0.068355 0.077492 0.077492 0.077070 0.094478 0.107373 0.136563 0.141848 100.135935 100.136357 100.142654 100.141238 100.139545 100.139566 100.139271 100.142499 100.142499 100.142499 100.143127 100.143127 100.143291 100.142798 100.142759 100.142144 100.142144 100.140957 100.140957 100.142866 100.142866 100.142896 100.142833 100.142764 100.142668 100.142725 100.143046 100.142421 100.142765 100.142765 100.142765 100.141835 100.141835 100.144768 100.144768 100.144768 100.142940 100.142940 100.142956 100.142535 100.142535 100.139636 100.139635 100.139606 100.139988 100.141193 100.143487 100.140713 100.141305 100.141304 100.138460 100.139451 100.139496
ron 0.121336 0.121336 0.121129 0.121129 0.121997 0.119104 0.120019 0.120019 0.120354 0.120354 0.120193 0.119985 0.117628 0.102222 0.102040 0.101734 0.101734 0.101700 0.101624 0.101625 0.101619 0.101846 0.101846 0.101846 0.086546 0.086546 0.086565 0.086490 0.086515 0.086515 0.086504 0.037997 0.037900 0.037779 0.037779 0.037858 0.037917 0.000000 0.068194 0.077330 0.077330 0.076909 0.094317 0.107211 0.136401 0.141686 100.135773 100.136195 100.142493 100.141076 100.139384 100.139404 100.139110 100.142337 100.142337 100.142337 100.142966 100.142966 100.143129 100.142637 100.142597 100.141983 100.141983 100.140796 100.140796 100.142704 100.142704 100.142734 100.142671 100.142603 100.142506 100.142563 100.142885 100.142260 100.142604 100.142604 100.142604 100.141674 100.141674 100.144606 100.144606 100.144606 100.142778 100.142778 100.142794 100.142374 100.142374 100.139474 100.139473 100.139444 100.139827 100.141031 100.143325 100.140551 100.141143 100.141143 100.138299 100.139290 100.139335
sqi 0.120837 0.120837 0.120631 0.120631 0.121498 0.118606 0.119521 0.119521 0.119855 0.119855 0.119695 0.119487 0.117129 0.101724 0.101542 0.101236 0.101236 0.101202 0.101126 0.101127 0.101121 0.101348 0.101348 0.101348 0.086048 0.086048 0.086067 0.085992 0.086016 0.086016 0.086005 0.068435 0.068338 0.068217 0.068217 0.068296 0.068355 0.068194 0.000000 0.076832 0.076832 0.076410 0.093819 0.106713 0.135903 0.141188 100.135275 100.135697 100.141994 100.140578 100.138886 100.138906 100.138612 100.141839 100.141839 100.141839 100.142468 100.142468 100.142631 100.142139 100.142099 100.141484 100.141484 100.140298 100.140298 100.142206 100.142206 100.142236 100.142173 100.142105 100.142008 100.142065 100.142387 100.141761 100.142105 100.142105 100.142105 100.141175 100.141175 100.144108 100.144108 100.144108 100.142280 100.142280 100.142296 100.141876 100.141876 100.138976 100.138975 100.138946 100.139329 100.140533 100.142827 100.140053 100.140645 100.140645 100.137800 100.138792 100.138836
